======================================================================
POKERBOT AGENT TRAINING REPORT
======================================================================

Training Time: 2025-10-16 04:22:10
Agent Type: pokerbot
Training Mode: STANDARD
Episodes: 100
Vicarious Episodes: 100
Total Hands Played: 200
Total Episodes: 200
Batch Size: 8
Evaluation Interval: 10

---
STAGE SUMMARY
  Stage 1 (CFR Warmup): 200 iterations
  Stage 2 (Self-Play): 100 episodes
  Stage 3 (Vicarious): 100 episodes

---
PROGRESS & METRICS
Win Rates: [0.6, 0.5, 0.6333333333333333, 0.6, 0.66, 0.6833333333333333, 0.7, 0.7375, 0.7555555555555555, 0.77, 0.7, 0.75, 0.7, 0.725, 0.68, 0.7, 0.7, 0.725, 0.7333333333333333, 0.73]
Episode Reward Mean: [72.2, 37.1, 124.2, 144.6, 63.4, 58.8, 214.8, 40.6, 246.4, 274.6, -199.2, 440.4, -158.2, -120.0, -40.7, 240.4, -10.2, 145.3, 162.0, -63.2]
Training Rewards: [238.0, 51.0, 175.0, 172.0, -20.0, 0.0, 0.0, -20.0, 30.0, 96.0, 0.0, 50.0, 0.0, 80.0, 130.0, 171.0, -20.0, -20.0, 0.0, -20.0, 297.0, 30.0, 0.0, 30.0, 504.0, 80.0, 40.0, 171.0, 50.0, 40.0, 30.0, 0.0, 1164.0, 0.0, -20.0, -20.0, 30.0, 50.0, -20.0, 232.0, 40.0, 262.0, 40.0, 30.0, 142.0, 30.0, 30.0, 0.0, 30.0, 30.0, 80.0, 40.0, 0.0, 0.0, 40.0, 198.0, 30.0, 40.0, 80.0, 80.0, 82.0, 112.0, 198.0, 480.0, 40.0, -20.0, 82.0, 30.0, 1164.0, -20.0, 30.0, 40.0, 30.0, 30.0, 40.0, 30.0, 96.0, 50.0, 30.0, 30.0, 30.0, 676.0, 1378.0, 30.0, 48.0, 30.0, 30.0, -20.0, 232.0, 30.0, 40.0, 40.0, 408.0, 1932.0, 40.0, 96.0, 80.0, 80.0, 0.0, 30.0, 68.0, -1000.0, 70.0, 40.0, -488.0, 30.0, 30.0, -932.0, 160.0, 30.0, 40.0, 30.0, 30.0, -20.0, 280.0, 40.0, 1992.0, -20.0, 40.0, 1992.0, 50.0, 80.0, -952.0, 80.0, 30.0, 0.0, 80.0, -20.0, -1000.0, 70.0, 40.0, -1000.0, 140.0, 86.0, -864.0, 70.0, 40.0, 40.0, 80.0, 168.0, -737.0, 70.0, 30.0, 0.0, 20.0, 40.0, -20.0, 0.0, 190.0, 0.0, -20.0, 192.0, 1992.0, 80.0, 30.0, 40.0, 30.0, 40.0, -20.0, 40.0, 202.0, -1000.0, 40.0, 216.0, 40.0, 320.0, 40.0, 0.0, 40.0, 0.0, 20.0, 30.0, 30.0, 996.0, 30.0, 30.0, 85.0, 192.0, 40.0, 0.0, 30.0, 186.0, -50.0, 320.0, 854.0, 40.0, 70.0, 0.0, 40.0, 130.0, 0.0, -1000.0, 30.0, 80.0, 40.0, 30.0, 30.0, 0.0, 30.0, 128.0]
Epsilon Values: [0.1, 0.1, 0.1, 0.1, 0.09995000000000001, 0.09990002500000002, 0.09985007498750002, 0.09980014995000627, 0.09975024987503127, 0.09970037475009376, 0.09965052456271872, 0.09960069930043737, 0.09955089895078716, 0.09950112350131177, 0.09945137293956112, 0.09940164725309135, 0.09935194642946481, 0.09930227045625008, 0.09925261932102196, 0.09920299301136146, 0.09915339151485578, 0.09910381481909836, 0.09905426291168881, 0.09900473578023297, 0.09895523341234286, 0.0989057557956367, 0.09885630291773888, 0.09880687476628001, 0.09875747132889688, 0.09870809259323243, 0.09865873854693583, 0.09860940917766237, 0.09856010447307353, 0.098510824420837, 0.09846156900862658, 0.09841233822412228, 0.09836313205501022, 0.09831395048898273, 0.09826479351373824, 0.09821566111698138, 0.09816655328642289, 0.09811747000977969, 0.09806841127477481, 0.09801937706913742, 0.09797036738060286, 0.09792138219691256, 0.0978724215058141, 0.0978234852950612, 0.09777457355241367, 0.09772568626563748, 0.09767682342250467, 0.09762798501079342, 0.09757917101828803, 0.0975303814327789, 0.09748161624206252, 0.0974328754339415, 0.09738415899622453, 0.09733546691672643, 0.09728679918326807, 0.09723815578367645, 0.09718953670578462, 0.09714094193743174, 0.09709237146646303, 0.0970438252807298, 0.09699530336808944, 0.0969468057164054, 0.0968983323135472, 0.09684988314739043, 0.09680145820581675, 0.09675305747671384, 0.09670468094797549, 0.09665632860750151, 0.09660800044319776, 0.09655969644297616, 0.09651141659475468, 0.0964631608864573, 0.09641492930601409, 0.09636672184136108, 0.0963185384804404, 0.09627037921120019, 0.09622224402159459, 0.09617413289958379, 0.096126045833134, 0.09607798281021744, 0.09602994381881234, 0.09598192884690294, 0.0959339378824795, 0.09588597091353827, 0.0958380279280815, 0.09579010891411747, 0.09574221385966042, 0.09569434275273059, 0.09564649558135423, 0.09559867233356356, 0.09555087299739679, 0.09550309756089809, 0.09545534601211764, 0.09540761833911159, 0.09535991452994204, 0.09531223457267707, 0.09521694616616305, 0.09512175302423344, 0.09502665505164747, 0.09493165215325959, 0.09483674423401939, 0.09474193119897142, 0.09464721295325526, 0.09455258940210526, 0.0944580604508505, 0.09436362600491478, 0.09426928596981639, 0.09417504025116807, 0.09408088875467698, 0.0939868313861445, 0.09389286805146621, 0.09379899865663177, 0.09370522310772482, 0.09361154131092288, 0.0935179531724973, 0.0934244585988131, 0.09333105749632895, 0.093237749771597, 0.09314453533126286, 0.09305141408206545, 0.09295838593083691, 0.09286545078450258, 0.09277260855008078, 0.09267985913468285, 0.09258720244551297, 0.09249463838986807, 0.0924021668751378, 0.0923097878088044, 0.09221750109844255, 0.09212530665171939, 0.09203320437639435, 0.09194119418031906, 0.09184927597143729, 0.09175744965778486, 0.0916657151474895, 0.09157407234877081, 0.09148252116994014, 0.09139106151940052, 0.09129969330564651, 0.09120841643726421, 0.09111723082293106, 0.09102613637141585, 0.09093513299157853, 0.09084422059237021, 0.090753399082833, 0.09066266837209995, 0.09057202836939494, 0.09048147898403265, 0.09039102012541837, 0.090300651703048, 0.0902103736265079, 0.0901201858054748, 0.09003008814971579, 0.08994008056908813, 0.08985016297353919, 0.08976033527310641, 0.08967059737791712, 0.08958094919818856, 0.08949139064422768, 0.08940192162643112, 0.0893125420552851, 0.08922325184136534, 0.08913405089533695, 0.08904493912795435, 0.08895591645006118, 0.08886698277259024, 0.08877813800656335, 0.0886893820630913, 0.08860071485337373, 0.08851213628869908, 0.08842364628044447, 0.0883352447400756, 0.08824693157914673, 0.0881587067093005, 0.08807057004226788, 0.08798252148986814, 0.08789456096400865, 0.08780668837668489, 0.0877189036399803, 0.08763120666606623, 0.08754359736720185, 0.087456075655734, 0.0873686414440972, 0.08728129464481348, 0.08719403517049233, 0.08710686293383063, 0.08701977784761254, 0.0869327798247094, 0.08684586877807966, 0.08675904462076878, 0.08667230726590917, 0.08658565662672009, 0.08649909261650754, 0.0864126151486642, 0.08632622413666934, 0.08623991949408871]
Memory Size: 695

---
VICARIOUS LEARNING PERFORMANCE
| Opponent   | Win Rate | Avg Reward | Games |
|------------|----------|------------|-------|
| EvalRandom |    88.24% |      90.00 |    34 |
| EvalFixed  |    39.39% |     -52.30 |    33 |
| EvalCFR    |    90.91% |      79.76 |    33 |

---
MODEL COMPARISON VS PREVIOUS BEST
